0 = 0 0 97 49
1 = 0 50 97 49
10 = 98 0 97 49
11 = 98 50 97 49
12 = 0 100 97 49
13 = 0 150 97 49
14 = 98 100 97 49
15 = 0 200 97 49
16 = 98 150 97 49
17 = 98 200 97 49
18 = 196 0 97 49
19 = 196 50 97 49
2 = 294 0 97 49
20 = 196 100 97 49
21 = 294 50 97 49
22 = 196 150 97 49
23 = 392 0 97 49
24 = 294 100 97 49
25 = 196 200 97 49
26 = 392 50 97 49
27 = 294 150 97 49
28 = 392 100 97 49
29 = 294 200 97 49
3 = 392 150 97 49
30 = 392 200 97 49
31 = 0 250 97 49
32 = 0 300 97 49
33 = 98 250 97 49
34 = 0 350 97 49
35 = 98 300 97 49
36 = 0 400 97 49
37 = 196 250 97 49
38 = 98 350 97 49
39 = 0 450 97 49
4 = 196 300 97 49
40 = 98 400 97 49
41 = 294 250 97 49
42 = 196 350 97 49
43 = 98 450 97 49
44 = 294 300 97 49
45 = 196 400 97 49
46 = 392 250 97 49
47 = 294 350 97 49
48 = 196 450 97 49
49 = 392 300 97 49
5 = 294 400 97 49
50 = 392 350 97 49
51 = 294 450 97 49
52 = 392 400 97 49
53 = 392 450 97 49
54 = 490 0 97 49
55 = 490 50 97 49
56 = 588 0 97 49
57 = 490 100 97 49
58 = 588 50 97 49
59 = 490 150 97 49
6 = 686 0 97 49
60 = 588 100 97 49
61 = 490 200 97 49
62 = 686 50 97 49
63 = 588 150 97 49
64 = 490 250 97 49
65 = 784 0 97 49
66 = 686 100 97 49
67 = 588 200 97 49
68 = 490 300 97 49
69 = 784 50 97 49
7 = 686 150 97 49
70 = 588 250 97 49
71 = 490 350 97 49
72 = 882 0 97 49
73 = 784 100 97 49
74 = 686 200 97 49
75 = 588 300 97 49
76 = 490 400 97 49
77 = 882 50 97 49
78 = 784 150 97 49
79 = 686 250 97 49
8 = 588 350 97 49
80 = 490 450 97 49
81 = 882 100 97 49
82 = 784 200 97 49
83 = 686 300 97 49
84 = 588 400 97 49
85 = 882 150 97 49
86 = 784 250 97 49
87 = 686 350 97 49
88 = 588 450 97 49
89 = 882 200 97 49
9 = 784 300 97 49
90 = 686 400 97 49
91 = 882 250 97 49
92 = 784 350 97 49
93 = 686 450 97 49
94 = 882 300 97 49
95 = 784 400 97 49
96 = 882 350 97 49
97 = 784 450 97 49
98 = 882 400 97 49
99 = 882 450 97 49
